name: decagon_env
channels:
  - bioconda
  - conda-forge
  - defaults
dependencies:
  - absl-py=1.1.0
  - astor=0.8.1
  - blas=1.0
  - bleach=1.5.0
  - ca-certificates=2022.6.15
  - certifi=2019.11.28
  - dataclasses=0.8
  - decorator=5.1.1
  - gast=0.5.3
  - grpcio=1.12.1
  - html5lib=0.9999999
  - icc_rt=2019.0.0
  - intel-openmp=2022.1.0
  - libprotobuf=3.11.4
  - libzlib=1.2.12
  - markdown=3.2.1
  - mkl=2018.0.3
  - mkl_fft=1.0.10
  - mkl_random=1.0.2
  - networkx=2.0
  - numpy=1.15.4
  - numpy-base=1.15.4
  - openssl=3.0.5
  - pip=21.3.1
  - protobuf=3.11.4
  - python=3.6.15
  - scikit-learn=0.19.1
  - scipy=1.1.0
  - setuptools=45.2.0
  - six=1.16.0
  - sqlite=3.39.1
  - tbb=2020.2
  - tbb4py=2019.9
  - tensorboard=1.8.0
  - tensorflow=1.8.0
  - termcolor=1.1.0
  - ucrt=10.0.20348.0
  - vc=14.2
  - vs2015_runtime=14.29.30037
  - webencodings=0.5.1
  - werkzeug=2.0.2
  - wheel=0.37.1
  - wincertstore=0.2
  - zlib=1.2.12
